

Map test 1

	warm fire(1)
		red rose(0)
cute boy(2)
	cool breeze(0)

cool cute red warm 

Map test 2

		87 1(1)
			86 1(0)
	83 1(2)
			57 1(0)
		45 1(1)
			39 1(0)
34 1(4)
				32 1(0)
			30 1(1)
		29 1(2)
			26 1(0)
	23 1(3)
				22 1(0)
			21 1(1)
		12 1(2)
				11 1(0)
			5 1(1)
				2 1(0)





		87 2(1)
			86 2(0)
	83 2(2)
			57 2(0)
		45 2(1)
			39 2(0)
34 2(4)
				32 2(0)
			30 2(1)
		29 2(2)
			26 2(0)
	23 2(3)
				22 2(0)
			21 2(1)
		12 2(2)
				11 2(0)
			5 2(1)
				2 2(0)


2 5 11 12 21 22 23 26 29 30 32 34 39 45 57 83 86 87 
