----------insert 45---------
45 1(0)
----------insert 21---------
45 1(1)
	21 1(0)
----------insert 4---------
	45 1(0)
21 1(1)
	4 1(0)
----------insert 61---------
		61 1(0)
	45 1(1)
21 1(2)
	4 1(0)
----------insert 71---------
		71 1(0)
	61 1(1)
		45 1(0)
21 1(2)
	4 1(0)
----------insert 46---------
		71 1(0)
	61 1(1)
		46 1(0)
45 1(2)
	21 1(1)
		4 1(0)
----------insert 2---------
		71 1(0)
	61 1(1)
		46 1(0)
45 1(2)
		21 1(0)
	4 1(1)
		2 1(0)
----------insert 35---------
		71 1(0)
	61 1(1)
		46 1(0)
45 1(3)
			35 1(0)
		21 1(1)
	4 1(2)
		2 1(0)
----------insert 36---------
		71 1(0)
	61 1(1)
		46 1(0)
45 1(3)
			36 1(0)
		35 1(1)
			21 1(0)
	4 1(2)
		2 1(0)
----------insert 3---------
		71 1(0)
	61 1(1)
		46 1(0)
45 1(3)
			36 1(0)
		35 1(1)
			21 1(0)
	4 1(2)
			3 1(0)
		2 1(1)
----------insert 8---------
			71 1(0)
		61 1(1)
			46 1(0)
	45 1(2)
		36 1(0)
35 1(3)
		21 1(1)
			8 1(0)
	4 1(2)
			3 1(0)
		2 1(1)
----------insert 31---------
			71 1(0)
		61 1(1)
			46 1(0)
	45 1(2)
		36 1(0)
35 1(3)
			31 1(0)
		21 1(1)
			8 1(0)
	4 1(2)
			3 1(0)
		2 1(1)
----------insert 12---------
			71 1(0)
		61 1(1)
			46 1(0)
	45 1(2)
		36 1(0)
35 1(4)
			31 1(0)
		21 1(2)
				12 1(0)
			8 1(1)
	4 1(3)
			3 1(0)
		2 1(1)
----------insert 44---------
			71 1(0)
		61 1(1)
			46 1(0)
	45 1(2)
			44 2(0)
		36 1(1)
35 1(4)
			31 1(0)
		21 1(2)
				12 1(0)
			8 1(1)
	4 1(3)
			3 1(0)
		2 1(1)
----------insert 30---------
			71 1(0)
		61 1(1)
			46 1(0)
	45 1(2)
			44 2(0)
		36 1(1)
35 1(4)
			31 1(1)
				30 2(0)
		21 1(2)
				12 1(0)
			8 1(1)
	4 1(3)
			3 1(0)
		2 1(1)
----------insert 16---------
			71 1(0)
		61 1(1)
			46 1(0)
	45 1(2)
			44 2(0)
		36 1(1)
35 1(4)
			31 1(1)
				30 2(0)
		21 1(2)
				16 2(0)
			12 1(1)
				8 1(0)
	4 1(3)
			3 1(0)
		2 1(1)
